810
1478
2069
574
2058
708
1732
860
599
234
1126
1792
1762
1298
1733
1441
1326
970
1254
422
807
1290
1377
183
1144
1964
655
291
1615
959
704
722
936
1758
1392
940
1796
2208
1051
1273
152
2108
443
1989
904
2024
1959
1976
735
2049
1444
698
1106
246
1041
788
1339
965
840
684
982
2100
2000
1404
1440
466
619
298
1755
633
87
433
88
446
1871
2041
218
1693
1942
90
1346
1727
760
40
185
502
1592
1474
596
624
32
286
1131
2186
1256
1934
539
2061
260
1154
1886
1235
914
1562
54
1082
889
1529
381
1718
1123
1095
694
1432
1614
994
856
2097
1207
268
2173
847
1475
798
915
1858
1633
361
1514
259
2079
678
231
432
1584
1340
1988
1991
835
1185
1807
75
330
1830
604
1261
1702
1832
174
2112
1734
1162
1919
2082
509
960
92
1374
175
792
339
1068
2166
2071
1901
424
903
1053
277
1903
849
2204
1438
1090
176
1405
56
1129
1556
646
761
162
1816
1255
1213
1499
2144
1170
2004
730
1318
302
155
924
55
868
973
1929
625
733
1967
1020
1543
2130
1323
743
1231
884
2103
45
1448
1
717
1534
1188
826
947
275
1715
211
1726
1783
2027
190
76
1802
534
1844
173
80
791
1900
1371
1822
928
782
1414
1092
909
1957
5
912
1596
2194
1692
1531
1313
425
1455
1551
1109
812
1947
2020
384
1975
1507
2185
1638
1243
2045
1503
622
2022
347
1555
1689
2019
2008
1868
1289
447
293
124
1504
828
2055
1399
1025
117
1517
228
1350
869
2065
2161
1691
356
307
1526
1808
1043
1458
793
1234
212
908
1237
1083
1768
1668
1597
1161
1467
1453
593
198
166
2214
867
420
719
1072
1311
2179
269
741
1217
1585
1362
986
1719
2151
561
327
1110
1655
1006
1603
1788
535
488
180
516
1459
128
1360
979
51
1168
1028
1204
607
652
262
745
962
1049
640
714
1137
394
1730
1557
1280
1931
1226
1705
373
818
410
720
16
1560
1067
1337
716
225
1370
1046
219
1435
184
1646
1200
2044
1607
481
31
333
686
718
2005
1357
1445
326
2114
206
890
2003
594
1470
2165
305
1700
1797
817
1573
1630
1471
1248
1773
533
697
66
1163
1996
1206
968
1945
1902
2092
1837
1736
2070
86
254
1093
1540
1662
1251
987
721
1186
1711
1843
1091
783
227
680
2050
285
1829
1513
1917
2164
822
33
236
871
1171
1798
820
518
1424
2032
922
458
2093
1978
528
73
1476
266
1876
1506
1735
858
775
178
1599
1652
1224
1406
2142
571
1605
666
1912
893
843
444
1230
134
641
2192
460
1426
343
1580
21
978
1382
1429
825
2099
910
1845
59
1364
1604
765
1113
1778
2042
2030
2010
85
597
2104
695
2091
1341
1712
1107
208
848
1063
319
492
358
2077
1084
2012
1880
853
942
546
854
598
325
1827
315
1483
387
602
1591
2160
1647
1156
1397
637
1300
1874
1677
8
1536
768
1963
645
1199
497
670
2131
1413
74
221
1838
1750
855
1855
501
3
1587
402
1786
983
1997
961
1187
2072
859
1018
1915
52
610
2181
693
1347
1447
352
1078
618
1867
630
1970
1064
459
1272
199
654
122
2029
780
1941
2125
2222
1671
42
1502
469
2081
1675
1407
1823
366
350
1410
1611
769
71
2109
98
2146
1198
1003
1608
486
1811
2129
1889
540
1124
759
1481
2122
9
1831
998
1468
1166
1510
193
1940
972
1958
851
1288
1977
274
27
320
740
576
255
1159
2084
2101
1535
559
462
253
1723
69
2121
287
626
1565
290
1851
1030
1212
1008
276
115
636
1578
916
784
779
1210
53
581
2017
744
874
252
1258
1464
372
691
2157
1877
1870
436
1911
1152
1015
1369
1087
696
1433
222
595
201
1327
1949
111
1616
401
1972
371
1172
1342
1834
224
396
1366
821
1908
570
657
1442
1019
1384
468
1249
1775
613
24
483
1521
365
1612
700
2158
1961
1642
413
14
2062
1818
1178
2105
1451
2011
245
451
1105
1285
1491
957
301
2145
587
487
1135
493
440
556
611
572
1358
1519
197
1133
209
498
2134
1114
1672
1411
1575
1541
1511
507
1533
489
19
732
20
1884
605
2031
1222
64
1391
4
1965
1469
1669
527
247
1456
522
2054
2133
1582
1484
41
577
2034
688
77
2089
158
1899
1962
471
934
148
379
417
1910
738
1026
1548
1656
172
273
1577
1936
1878
1332
1524
609
1312
629
1322
811
392
1056
632
635
2132
475
1345
2124
1806
569
2137
1509
981
464
1664
1826
256
1649
1385
2148
1776
562
537
1852
1943
1278
62
1047
690
1065
876
375
1139
1814
1927
2009
1873
421
2035
177
578
739
105
545
1864
1875
1724
1061
1690
1971
1921
1694
984
710
575
638
975
748
1069
558
2138
579
1554
1446
852
2220
1530
1297
1076
520
370
137
1276
416
1074
797
2115
1812
2184
988
214
353
1189
2139
542
150
423
248
1393
1164
404
2209
434
2046
885
278
1717
844
2039
664
1070
963
50
1412
1749
2063
1359
773
756
482
510
931
892
1005
538
289
621
1232
1527
1497
1660
1017
203
878
323
2006
94
1973
1117
833
651
179
1050
1552
920
99
500
948
428
2085
1568
1805
377
281
415
1721
2118
901
1348
368
1821
1896
770
1498
809
2110
1879
873
702
673
1038
517
1097
322
303
2170
38
310
39
524
617
1836
1134
2038
753
81
1893
1574
369
67
1885
2060
292
1027
355
564
360
2036
1512
1627
1338
1418
272
560
1923
1538
1396
1044
2002
1999
801
966
1431
996
395
1697
674
712
442
334
165
2169
687
900
335
405
1334
112
906
1566
1983
2198
1790
1907
2128
1473
764
1009
800
235
1995
2149
1104
679
911
220
608
1545
1888
725
1034
1859
1860
544
1439
681
283
249
1183
1636
1676
683
367
603
1284
263
1739
1516
992
1546
1486
583
921
521
547
582
1479
1528
195
1417
1303
838
554
2199
2116
2016
1214
2177
763
357
806
346
1648
913
1817
1147
2217
689
89
1748
1244
932
907
2043
1581
1683
891
1583
2152
1477
1547
430
543
1641
503
969
1772
1148
140
1415
1906
91
1022
1861
2056
1269
709
757
736
1968
699
1275
242
600
2015
634
1576
734
36
1355
168
136
452
902
1785
1707
977
1402
1031
309
1335
1121
1482
308
2095
939
1757
344
669
1722
627
2001
1223
1954
1007
194
1160
2087
644
1767
804
2028
515
65
106
1946
1141
2074
1532
881
548
1651
1127
896
1205
58
1182
1487
846
895
1508
1980
1368
1000
1325
265
631
1622
312
1143
296
1215
985
1262
837
1494
450
823
2159
1295
160
2141
1828
385
426
1742
2119
1869
30
1619
1924
1703
318
667
314
154
1294
1315
49
1992
508
1769
2162
1489
240
407
161
1079
677
403
1938
751
1754
477
1824
1016
2174
1737
1080
1373
1096
1523
1853
2218
1389
1193
264
1088
37
1743
2066
26
1571
349
1779
1645
887
280
1492
995
1296
1309
2155
955
1029
830
675
406
758
83
1320
781
29
628
1846
463
505
919
839
1279
237
1706
1281
2107
701
2183
400
1752
17
1180
409
790
46
1679
1803
1220
796
747
1688
999
1466
1480
647
1763
917
2167
1149
1549
945
1746
1586
1629
1628
480
2073
1904
1436
1661
588
1353
1819
2191
1500
1116
1684
1657
1169
824
549
933
2007
658
138
1101
514
1624
511
1329
1238
100
364
267
419
226
321
665
1260
156
1780
565
1740
1361
1678
251
1408
2156
1115
886
642
2205
345
164
774
2171
1032
1274
95
96
2123
1299
1505
1789
1930
1725
103
2026
101
1635
1922
2078
1246
389
2203
149
692
2075
612
1542
1774
485
299
1352
1307
362
376
1344
614
1462
1427
230
1381
34
1795
131
2040
383
1626
1791
1173
1937
899
650
151
470
1375
531
746
1708
439
2219
1793
2143
1606
586
1052
762
1625
163
935
894
946
472
411
70
2196
1085
1194
1848
1981
1644
2136
1731
926
1933
787
938
897
1621
1221
118
1010
390
1319
1013
243
1004
1228
110
297
2067
731
1192
1302
338
2120
1825
1233
1956
713
1634
971
1687
374
1434
116
1650
592
1593
1259
550
328
1394
1292
1219
2154
1770
82
1680
15
1781
1559
1974
1103
1613
974
2127
60
1710
2057
1012
217
1558
18
1324
2117
1336
241
1665
606
816
2221
1667
552
1854
393
192
1058
512
950
1537
1060
1422
1457
1820
499
1252
1383
1905
1291
300
1799
1716
1813
1771
2207
580
125
749
2150
354
1184
2013
2126
1372
1883
182
2190
1849
1594
1227
200
1881
142
1681
145
465
1430
1282
1862
102
1918
929
2090
850
250
189
2037
1563
1986
1863
1639
799
1866
1423
1588
398
1388
107
1609
2051
541
1951
1066
1550
2211
1277
1209
1037
1112
473
1955
771
530
1130
1378
337
2113
1882
316
25
1589
47
1153
726
573
1897
1253
1102
653
1196
2135
238
671
1191
1100
663
453
1815
1419
43
1984
437
519
1379
1659
270
1203
1229
1653
1033
980
727
378
649
882
2023
1265
1174
660
159
261
129
147
1666
2176
513
1842
215
1175
207
1306
332
1098
1572
1909
1449
342
476
282
865
1011
551
1176
526
1367
685
1150
348
2200
11
108
123
772
1590
1948
196
1632
1856
1998
1247
2
1617
408
2147
427
1579
72
1330
2033
927
879
1094
2064
1658
829
2197
620
244
216
1071
1488
2047
2195
478
1195
1216
1120
461
767
808
1177
2102
494
2083
1891
1674
2163
2213
1960
454
143
157
1950
341
1386
523
313
1847
2052
288
170
382
1250
2080
1081
213
109
1670
1155
1766
866
1935
2053
1218
1841
1987
1952
2168
2059
997
1761
139
1738
2182
1111
495
1747
1518
1264
114
1308
1119
750
1696
1452
78
1390
585
1865
1460
1663
536
1966
778
68
1985
1136
191
676
119
181
1062
1181
484
1932
202
1600
506
1800
766
1400
1709
557
257
1913
672
431
918
1569
1784
659
1501
584
1398
1701
1283
1741
167
1539
898
1365
742
1014
121
1128
1759
836
317
591
120
1490
1158
1801
2172
79
1301
662
223
412
1343
2187
474
737
1363
795
1744
1118
1356
130
1939
210
841
958
993
1699
1236
863
1241
1211
1982
133
126
1089
831
2178
1055
2096
153
1151
1240
1024
1425
803
1045
1328
643
1994
861
1944
48
1872
1376
479
258
877
490
284
44
1713
949
827
2106
331
1190
1380
1520
905
1887
2140
1839
834
715
1810
1132
1021
755
1610
880
399
455
943
1640
311
304
204
1764
964
857
2188
1316
941
1179
615
805
724
467
132
723
1286
937
553
1654
10
1354
1140
1305
2094
1840
1525
525
656
954
1054
1515
1673
1333
989
6
777
2216
1437
1595
141
2068
1695
815
1023
2212
1201
113
1001
842
435
1420
1926
388
923
1804
169
1953
449
336
1409
789
1202
1969
1698
2086
1125
601
875
7
1496
2210
1197
1145
294
813
1450
414
1729
1686
340
1601
1108
0
1146
1916
1443
456
1267
1225
295
1714
563
1890
1257
12
28
1331
93
1787
504
845
1321
1850
1631
239
1756
752
233
623
1040
991
1990
1561
776
729
648
1685
1567
1463
429
1263
568
1914
1979
491
864
590
306
1421
397
1142
1682
1623
616
1428
351
279
888
1522
802
1042
1704
953
1266
944
872
870
1314
84
1403
1643
728
457
589
1387
1993
862
2175
329
925
707
1317
2215
1122
1544
1925
1620
144
1293
1310
35
1637
57
1048
2021
1454
418
668
785
1835
1073
359
786
1753
566
146
1570
661
1349
706
186
2048
1794
1745
496
883
1157
97
1416
1598
2098
391
1465
1760
2088
2201
1351
2206
324
1395
438
2076
61
703
1268
2180
682
639
23
448
1138
1894
1287
380
2014
532
1075
1472
1165
1602
711
2153
187
1495
1765
127
1892
967
1493
567
1099
171
930
1782
1751
188
1039
1077
814
1304
229
232
22
1239
705
1728
1857
794
1002
819
135
1461
13
1618
1270
1553
1059
2189
2111
976
529
104
832
990
951
1086
386
1057
956
1777
1208
1809
1035
1720
363
952
445
1242
555
1036
1920
271
1833
1271
754
1401
2193
1245
441
63
1167
2202
205
1928
2018
1485
1895
1564
2025
1898
